[LEFT_CAM_2K]
fx=1403.24
fy=1403.24
cx=1118.58
cy=658.002
k1=-0.177305
k2=0.0288544

[RIGHT_CAM_2K]
fx=1405.47
fy=1405.47
cx=1100.27
cy=579.297
k1=-0.17548
k2=0.0269682

[LEFT_CAM_FHD]
fx=1403.24
fy=1403.24
cx=974.576
cy=577.002
k1=-0.177305
k2=0.0288544

[RIGHT_CAM_FHD]
fx=1405.47
fy=1405.47
cx=956.273
cy=498.297
k1=-0.17548
k2=0.0269682

[LEFT_CAM_HD]
fx=701.621
fy=701.621
cx=645.788
cy=377.001
k1=-0.177305
k2=0.0288544

[RIGHT_CAM_HD]
fx=702.735
fy=702.735
cx=636.637
cy=337.649
k1=-0.17548
k2=0.0269682

[LEFT_CAM_VGA]
fx=350.81
fy=350.81
cx=338.394
cy=196.001
k1=-0.177305
k2=0.0288544

[RIGHT_CAM_VGA]
fx=351.367
fy=351.367
cx=333.818
cy=176.324
k1=-0.17548
k2=0.0269682

[STEREO]
Baseline=63
CV_2K=0.00402179
CV_FHD=0.00402179
CV_HD=0.00402179
CV_VGA=0.00402179
RX_2K=-0.00196482
RX_FHD=-0.00196482
RX_HD=-0.00196482
RX_VGA=-0.00196482
RZ_2K=0.000157237
RZ_FHD=0.000157237
RZ_HD=0.000157237
RZ_VGA=0.000157237



